  -4.6900000e+01   0.0000000e+00
  -4.6700000e+01   6.5780140e-03
  -4.6500000e+01   1.2160950e-02
  -4.6300000e+01   1.3156284e-02
  -4.6100000e+01   1.1559145e-02
  -4.5900000e+01   9.1375866e-03
  -4.5700000e+01   4.9429261e-03
  -4.5500000e+01   6.9502945e-06
  -4.5300000e+01  -3.0767673e-03
  -4.5100000e+01  -5.6629389e-03
  -4.4900000e+01  -8.9799717e-03
  -4.4700000e+01  -1.1802157e-02
  -4.4500000e+01  -1.3826915e-02
  -4.4300000e+01  -1.5652185e-02
  -4.4100000e+01  -1.7235074e-02
  -4.3900000e+01  -1.8730047e-02
  -4.3700000e+01  -2.2156925e-02
  -4.3500000e+01  -2.6504491e-02
  -4.3300000e+01  -2.9302759e-02
  -4.3100000e+01  -3.1186359e-02
  -4.2900000e+01  -3.2096154e-02
  -4.2700000e+01  -3.3194743e-02
  -4.2500000e+01  -3.5584155e-02
  -4.2300000e+01  -3.8066639e-02
  -4.2100000e+01  -4.0885616e-02
  -4.1900000e+01  -4.4947999e-02
  -4.1700000e+01  -4.9627603e-02
  -4.1500000e+01  -5.2433105e-02
  -4.1300000e+01  -5.3033249e-02
  -4.1100000e+01  -5.5093981e-02
  -4.0900000e+01  -5.7470439e-02
  -4.0700000e+01  -5.8380366e-02
  -4.0500000e+01  -6.0981556e-02
  -4.0300000e+01  -6.4677971e-02
  -4.0100000e+01  -6.7639926e-02
  -3.9900000e+01  -7.0392186e-02
  -3.9700000e+01  -7.1502560e-02
  -3.9500000e+01  -7.2686753e-02
  -3.9300000e+01  -7.4703378e-02
  -3.9100000e+01  -7.5795380e-02
  -3.8900000e+01  -7.7244569e-02
  -3.8700000e+01  -7.9513312e-02
  -3.8500000e+01  -8.3082530e-02
  -3.8300000e+01  -8.7649411e-02
  -3.8100000e+01  -9.2751185e-02
  -3.7900000e+01  -9.6982430e-02
  -3.7700000e+01  -1.0099238e-01
  -3.7500000e+01  -1.0656299e-01
  -3.7300000e+01  -1.1417887e-01
  -3.7100000e+01  -1.2091324e-01
  -3.6900000e+01  -1.2541568e-01
  -3.6700000e+01  -1.2965515e-01
  -3.6500000e+01  -1.3417548e-01
  -3.6300000e+01  -1.3996787e-01
  -3.6100000e+01  -1.4467120e-01
  -3.5900000e+01  -1.4867727e-01
  -3.5700000e+01  -1.5311624e-01
  -3.5500000e+01  -1.5583133e-01
  -3.5300000e+01  -1.5765119e-01
  -3.5100000e+01  -1.6049140e-01
  -3.4900000e+01  -1.6457674e-01
  -3.4700000e+01  -1.6850668e-01
  -3.4500000e+01  -1.7345676e-01
  -3.4300000e+01  -1.8128910e-01
  -3.4100000e+01  -1.8886466e-01
  -3.3900000e+01  -1.9398752e-01
  -3.3700000e+01  -2.0011401e-01
  -3.3500000e+01  -2.0721108e-01
  -3.3300000e+01  -2.1419043e-01
  -3.3100000e+01  -2.1972214e-01
  -3.2900000e+01  -2.2353147e-01
  -3.2700000e+01  -2.2953102e-01
  -3.2500000e+01  -2.3731542e-01
  -3.2300000e+01  -2.4486076e-01
  -3.2100000e+01  -2.5183606e-01
  -3.1900000e+01  -2.5849766e-01
  -3.1700000e+01  -2.6446356e-01
  -3.1500000e+01  -2.6885084e-01
  -3.1300000e+01  -2.7344911e-01
  -3.1100000e+01  -2.8073617e-01
  -3.0900000e+01  -2.8886864e-01
  -3.0700000e+01  -2.9467399e-01
  -3.0500000e+01  -2.9930269e-01
  -3.0300000e+01  -3.0471383e-01
  -3.0100000e+01  -3.1143400e-01
  -2.9900000e+01  -3.1789036e-01
  -2.9700000e+01  -3.2201044e-01
  -2.9500000e+01  -3.2582596e-01
  -2.9300000e+01  -3.3076958e-01
  -2.9100000e+01  -3.3695949e-01
  -2.8900000e+01  -3.4268546e-01
  -2.8700000e+01  -3.4555536e-01
  -2.8500000e+01  -3.4989689e-01
  -2.8300000e+01  -3.5626469e-01
  -2.8100000e+01  -3.6142826e-01
  -2.7900000e+01  -3.6760252e-01
  -2.7700000e+01  -3.7466889e-01
  -2.7500000e+01  -3.8100356e-01
  -2.7300000e+01  -3.8732498e-01
  -2.7100000e+01  -3.9274949e-01
  -2.6900000e+01  -3.9816067e-01
  -2.6700000e+01  -4.0419772e-01
  -2.6500000e+01  -4.0759151e-01
  -2.6300000e+01  -4.1019866e-01
  -2.6100000e+01  -4.1323987e-01
  -2.5900000e+01  -4.1451934e-01
  -2.5700000e+01  -4.1608590e-01
  -2.5500000e+01  -4.1934115e-01
  -2.5300000e+01  -4.2290930e-01
  -2.5100000e+01  -4.2570851e-01
  -2.4900000e+01  -4.2721908e-01
  -2.4700000e+01  -4.2698397e-01
  -2.4500000e+01  -4.2586568e-01
  -2.4300000e+01  -4.2283235e-01
  -2.4100000e+01  -4.1536214e-01
  -2.3900000e+01  -4.0442165e-01
  -2.3700000e+01  -3.9063130e-01
  -2.3500000e+01  -3.7399481e-01
  -2.3300000e+01  -3.5749354e-01
  -2.3100000e+01  -3.4250364e-01
  -2.2900000e+01  -3.2400371e-01
  -2.2700000e+01  -3.0009215e-01
  -2.2500000e+01  -2.7433315e-01
  -2.2300000e+01  -2.4662083e-01
  -2.2100000e+01  -2.1560659e-01
  -2.1900000e+01  -1.8143754e-01
  -2.1700000e+01  -1.4294226e-01
  -2.1500000e+01  -1.0398099e-01
  -2.1300000e+01  -6.7247727e-02
  -2.1100000e+01  -3.1308409e-02
  -2.0900000e+01   4.1916323e-03
  -2.0700000e+01   4.1420067e-02
  -2.0500000e+01   8.0415765e-02
  -2.0300000e+01   1.2069635e-01
  -2.0100000e+01   1.6264468e-01
  -1.9900000e+01   2.0609647e-01
  -1.9700000e+01   2.5204714e-01
  -1.9500000e+01   2.9932578e-01
  -1.9300000e+01   3.4758402e-01
  -1.9100000e+01   3.9760886e-01
  -1.8900000e+01   4.4653723e-01
  -1.8700000e+01   4.9289750e-01
  -1.8500000e+01   5.3723844e-01
  -1.8300000e+01   5.7644555e-01
  -1.8100000e+01   6.0776860e-01
  -1.7900000e+01   6.3295919e-01
  -1.7700000e+01   6.5145816e-01
  -1.7500000e+01   6.6276773e-01
  -1.7300000e+01   6.6922654e-01
  -1.7100000e+01   6.7155381e-01
  -1.6900000e+01   6.7191668e-01
  -1.6700000e+01   6.7314260e-01
  -1.6500000e+01   6.7388355e-01
  -1.6300000e+01   6.7428752e-01
  -1.6100000e+01   6.7434698e-01
  -1.5900000e+01   6.7227137e-01
  -1.5700000e+01   6.7006897e-01
  -1.5500000e+01   6.7146709e-01
  -1.5300000e+01   6.7488316e-01
  -1.5100000e+01   6.7889549e-01
  -1.4900000e+01   6.8665174e-01
  -1.4700000e+01   6.9712578e-01
  -1.4500000e+01   7.0855271e-01
  -1.4300000e+01   7.2098220e-01
  -1.4100000e+01   7.3317764e-01
  -1.3900000e+01   7.4300380e-01
  -1.3700000e+01   7.5084822e-01
  -1.3500000e+01   7.5887304e-01
  -1.3300000e+01   7.7043205e-01
  -1.3100000e+01   7.8881723e-01
  -1.2900000e+01   8.1082741e-01
  -1.2700000e+01   8.3272881e-01
  -1.2500000e+01   8.5351425e-01
  -1.2300000e+01   8.7184357e-01
  -1.2100000e+01   8.8745579e-01
  -1.1900000e+01   9.0292929e-01
  -1.1700000e+01   9.2254066e-01
  -1.1500000e+01   9.5083649e-01
  -1.1300000e+01   9.8798339e-01
  -1.1100000e+01   1.0286437e+00
  -1.0900000e+01   1.0689511e+00
  -1.0700000e+01   1.1043598e+00
  -1.0500000e+01   1.1330815e+00
  -1.0300000e+01   1.1602414e+00
  -1.0100000e+01   1.1910563e+00
  -9.9000000e+00   1.2314395e+00
  -9.7000000e+00   1.2864854e+00
  -9.5000000e+00   1.3580231e+00
  -9.3000000e+00   1.4458860e+00
  -9.1000000e+00   1.5463511e+00
  -8.9000000e+00   1.6525861e+00
  -8.7000000e+00   1.7548901e+00
  -8.5000000e+00   1.8450399e+00
  -8.3000000e+00   1.9193972e+00
  -8.1000000e+00   1.9822508e+00
  -7.9000000e+00   2.0413787e+00
  -7.7000000e+00   2.1068338e+00
  -7.5000000e+00   2.1850751e+00
  -7.3000000e+00   2.2815720e+00
  -7.1000000e+00   2.4042583e+00
  -6.9000000e+00   2.5487442e+00
  -6.7000000e+00   2.6997882e+00
  -6.5000000e+00   2.8379379e+00
  -6.3000000e+00   2.9472474e+00
  -6.1000000e+00   3.0217187e+00
  -5.9000000e+00   3.0620289e+00
  -5.7000000e+00   3.0750738e+00
  -5.5000000e+00   3.0771681e+00
  -5.3000000e+00   3.0825276e+00
  -5.1000000e+00   3.0845370e+00
  -4.9000000e+00   3.0580550e+00
  -4.7000000e+00   2.9728967e+00
  -4.5000000e+00   2.8267069e+00
  -4.3000000e+00   2.6653693e+00
  -4.1000000e+00   2.5487491e+00
  -3.9000000e+00   2.5100438e+00
  -3.7000000e+00   2.5407410e+00
  -3.5000000e+00   2.6100036e+00
  -3.3000000e+00   2.7006504e+00
  -3.1000000e+00   2.8230901e+00
  -2.9000000e+00   2.9928712e+00
  -2.7000000e+00   3.2021717e+00
  -2.5000000e+00   3.4201686e+00
  -2.3000000e+00   3.6297209e+00
  -2.1000000e+00   3.8365489e+00
  -1.9000000e+00   4.0309819e+00
  -1.7000000e+00   4.1781846e+00
  -1.5000000e+00   4.2663467e+00
  -1.3000000e+00   4.3352068e+00
  -1.1000000e+00   4.4390825e+00
  -9.0000000e-01   4.6100866e+00
  -7.0000000e-01   4.8512222e+00
  -5.0000000e-01   5.1392004e+00
  -3.0000000e-01   5.4273485e+00
  -1.0000000e-01   5.6562154e+00
   1.0000000e-01   5.7754187e+00
   3.0000000e-01   5.7675449e+00
   5.0000000e-01   5.6501765e+00
   7.0000000e-01   5.4594649e+00
   9.0000000e-01   5.2339889e+00
   1.1000000e+00   4.9998556e+00
   1.3000000e+00   4.7660961e+00
   1.5000000e+00   4.5313454e+00
   1.7000000e+00   4.2880161e+00
   1.9000000e+00   4.0250425e+00
   2.1000000e+00   3.7351855e+00
   2.3000000e+00   3.4243160e+00
   2.5000000e+00   3.1181247e+00
   2.7000000e+00   2.8472943e+00
   2.9000000e+00   2.6247830e+00
   3.1000000e+00   2.4384741e+00
   3.3000000e+00   2.2630491e+00
   3.5000000e+00   2.0807808e+00
   3.7000000e+00   1.8974189e+00
   3.9000000e+00   1.7391180e+00
   4.1000000e+00   1.6236589e+00
   4.3000000e+00   1.5423531e+00
   4.5000000e+00   1.4701563e+00
   4.7000000e+00   1.3838848e+00
   4.9000000e+00   1.2774209e+00
   5.1000000e+00   1.1576729e+00
   5.3000000e+00   1.0315662e+00
   5.5000000e+00   9.0612997e-01
   5.7000000e+00   7.8854513e-01
   5.9000000e+00   6.8280797e-01
   6.1000000e+00   5.9131605e-01
   6.3000000e+00   4.9826016e-01
   6.5000000e+00   3.9606542e-01
   6.7000000e+00   2.9215638e-01
   6.9000000e+00   1.8558415e-01
   7.1000000e+00   8.0928531e-02
   7.3000000e+00  -1.8003251e-02
   7.5000000e+00  -1.0901707e-01
   7.7000000e+00  -1.9176233e-01
   7.9000000e+00  -2.5084117e-01
   8.1000000e+00  -2.8681160e-01
   8.3000000e+00  -3.1443573e-01
   8.5000000e+00  -3.2917837e-01
   8.7000000e+00  -3.2810081e-01
   8.9000000e+00  -3.1144785e-01
   9.1000000e+00  -2.7822136e-01
   9.3000000e+00  -2.2718362e-01
   9.5000000e+00  -1.6296889e-01
   9.7000000e+00  -9.3395564e-02
   9.9000000e+00  -2.8861908e-02
   1.0100000e+01   2.2268007e-02
   1.0300000e+01   6.0503626e-02
   1.0500000e+01   8.9243586e-02
   1.0700000e+01   1.1153296e-01
   1.0900000e+01   1.3073141e-01
   1.1100000e+01   1.4835832e-01
   1.1300000e+01   1.6378409e-01
   1.1500000e+01   1.7436998e-01
   1.1700000e+01   1.8040335e-01
   1.1900000e+01   1.8156533e-01
   1.2100000e+01   1.7634517e-01
   1.2300000e+01   1.6936485e-01
   1.2500000e+01   1.6584280e-01
   1.2700000e+01   1.6576964e-01
   1.2900000e+01   1.6951198e-01
   1.3100000e+01   1.7847142e-01
   1.3300000e+01   1.9227503e-01
   1.3500000e+01   2.1123776e-01
   1.3700000e+01   2.3382106e-01
   1.3900000e+01   2.5670172e-01
   1.4100000e+01   2.7840823e-01
   1.4300000e+01   2.9873381e-01
   1.4500000e+01   3.1896874e-01
   1.4700000e+01   3.3973418e-01
   1.4900000e+01   3.6111435e-01
   1.5100000e+01   3.8463101e-01
   1.5300000e+01   4.1018855e-01
   1.5500000e+01   4.3672306e-01
   1.5700000e+01   4.6496605e-01
   1.5900000e+01   4.9439871e-01
   1.6100000e+01   5.2381831e-01
   1.6300000e+01   5.5188129e-01
   1.6500000e+01   5.7443642e-01
   1.6700000e+01   5.8929441e-01
   1.6900000e+01   5.9670319e-01
   1.7100000e+01   5.9932925e-01
   1.7300000e+01   5.9987464e-01
   1.7500000e+01   5.9923474e-01
   1.7700000e+01   5.9803707e-01
   1.7900000e+01   5.9524230e-01
   1.8100000e+01   5.9063371e-01
   1.8300000e+01   5.8262124e-01
   1.8500000e+01   5.7107000e-01
   1.8700000e+01   5.5842230e-01
   1.8900000e+01   5.4648825e-01
   1.9100000e+01   5.3538726e-01
   1.9300000e+01   5.2559277e-01
   1.9500000e+01   5.1887041e-01
   1.9700000e+01   5.1346132e-01
   1.9900000e+01   5.0788413e-01
   2.0100000e+01   5.0195672e-01
   2.0300000e+01   5.0100421e-01
   2.0500000e+01   5.0607966e-01
   2.0700000e+01   5.1152039e-01
   2.0900000e+01   5.1613676e-01
   2.1100000e+01   5.2073511e-01
   2.1300000e+01   5.2588554e-01
   2.1500000e+01   5.3039032e-01
   2.1700000e+01   5.3219313e-01
   2.1900000e+01   5.3763955e-01
   2.2100000e+01   5.4821668e-01
   2.2300000e+01   5.5879730e-01
   2.2500000e+01   5.6790264e-01
   2.2700000e+01   5.7434120e-01
   2.2900000e+01   5.8183610e-01
   2.3100000e+01   5.8829711e-01
   2.3300000e+01   5.9071509e-01
   2.3500000e+01   5.9022957e-01
   2.3700000e+01   5.8891763e-01
   2.3900000e+01   5.8700170e-01
   2.4100000e+01   5.8288693e-01
   2.4300000e+01   5.7732821e-01
   2.4500000e+01   5.6823154e-01
   2.4700000e+01   5.5546656e-01
   2.4900000e+01   5.4060065e-01
   2.5100000e+01   5.2218950e-01
   2.5300000e+01   5.0178782e-01
   2.5500000e+01   4.8104745e-01
   2.5700000e+01   4.5956893e-01
   2.5900000e+01   4.3863979e-01
   2.6100000e+01   4.1903461e-01
   2.6300000e+01   4.0034284e-01
   2.6500000e+01   3.8163100e-01
   2.6700000e+01   3.6195213e-01
   2.6900000e+01   3.4184267e-01
   2.7100000e+01   3.2380073e-01
   2.7300000e+01   3.0783716e-01
   2.7500000e+01   2.9298276e-01
   2.7700000e+01   2.7845944e-01
   2.7900000e+01   2.6311647e-01
   2.8100000e+01   2.4747420e-01
   2.8300000e+01   2.3204908e-01
   2.8500000e+01   2.1731138e-01
   2.8700000e+01   2.0376943e-01
   2.8900000e+01   1.9039684e-01
   2.9100000e+01   1.7549501e-01
   2.9300000e+01   1.6181106e-01
   2.9500000e+01   1.4939492e-01
   2.9700000e+01   1.3745505e-01
   2.9900000e+01   1.2678678e-01
   3.0100000e+01   1.1445908e-01
   3.0300000e+01   1.0159444e-01
   3.0500000e+01   9.0690325e-02
   3.0700000e+01   8.0304482e-02
   3.0900000e+01   6.9843263e-02
   3.1100000e+01   5.9214891e-02
   3.1300000e+01   5.0560990e-02
   3.1500000e+01   4.4926959e-02
   3.1700000e+01   4.0191897e-02
   3.1900000e+01   3.5072273e-02
   3.2100000e+01   3.0011790e-02
   3.2300000e+01   2.4519492e-02
   3.2500000e+01   1.8017044e-02
   3.2700000e+01   1.3586124e-02
   3.2900000e+01   1.0067925e-02
   3.3100000e+01   6.2028869e-03
   3.3300000e+01   7.4103810e-04
   3.3500000e+01  -7.6247909e-03
   3.3700000e+01  -1.4925210e-02
   3.3900000e+01  -1.9355927e-02
   3.4100000e+01  -2.3097638e-02
   3.4300000e+01  -2.5841697e-02
   3.4500000e+01  -2.9265412e-02
   3.4700000e+01  -3.3331846e-02
   3.4900000e+01  -3.4210437e-02
   3.5100000e+01  -3.6245618e-02
   3.5300000e+01  -4.0653730e-02
   3.5500000e+01  -4.6429076e-02
   3.5700000e+01  -5.2016561e-02
   3.5900000e+01  -5.4685440e-02
   3.6100000e+01  -5.9628866e-02
   3.6300000e+01  -6.4338553e-02
   3.6500000e+01  -6.6011796e-02
   3.6700000e+01  -6.7532529e-02
   3.6900000e+01  -6.7083231e-02
   3.7100000e+01  -6.6571983e-02
   3.7300000e+01  -6.9953086e-02
   3.7500000e+01  -7.4956065e-02
   3.7700000e+01  -7.7579612e-02
   3.7900000e+01  -7.8753000e-02
   3.8100000e+01  -8.0300469e-02
   3.8300000e+01  -8.3568422e-02
   3.8500000e+01  -8.8141223e-02
   3.8700000e+01  -9.1713082e-02
   3.8900000e+01  -9.4804899e-02
   3.9100000e+01  -9.9324849e-02
   3.9300000e+01  -1.0354051e-01
   3.9500000e+01  -1.0656089e-01
   3.9700000e+01  -1.0883901e-01
   3.9900000e+01  -1.1086551e-01
   4.0100000e+01  -1.1243804e-01
   4.0300000e+01  -1.1271226e-01
   4.0500000e+01  -1.1327673e-01
   4.0700000e+01  -1.1462820e-01
   4.0900000e+01  -1.1589255e-01
   4.1100000e+01  -1.1607297e-01
   4.1300000e+01  -1.1611750e-01
   4.1500000e+01  -1.1836314e-01
   4.1700000e+01  -1.2227841e-01
   4.1900000e+01  -1.2429596e-01
   4.2100000e+01  -1.2484728e-01
   4.2300000e+01  -1.2672975e-01
   4.2500000e+01  -1.2923090e-01
   4.2700000e+01  -1.3214329e-01
   4.2900000e+01  -1.3478778e-01
   4.3100000e+01  -1.3651500e-01
   4.3300000e+01  -1.3809917e-01
   4.3500000e+01  -1.3944627e-01
   4.3700000e+01  -1.4055845e-01
   4.3900000e+01  -1.4250485e-01
   4.4100000e+01  -1.4419185e-01
   4.4300000e+01  -1.4614864e-01
   4.4500000e+01  -1.4779826e-01
   4.4700000e+01  -1.4849383e-01
   4.4900000e+01  -1.5022810e-01
   4.5100000e+01  -1.5106298e-01
   4.5300000e+01  -1.5198327e-01
   4.5500000e+01  -1.5347552e-01
   4.5700000e+01  -1.5420664e-01
   4.5900000e+01  -1.5586452e-01
   4.6100000e+01  -1.5886891e-01
   4.6300000e+01  -1.6141198e-01
   4.6500000e+01  -1.6395134e-01
   4.6700000e+01  -1.7046782e-01
   4.6900000e+01  -1.7768558e-01
