  -4.6900000e+01   0.0000000e+00
  -4.6700000e+01   7.0540679e-03
  -4.6500000e+01   1.2710347e-02
  -4.6300000e+01   1.4088553e-02
  -4.6100000e+01   1.2628382e-02
  -4.5900000e+01   1.1918497e-02
  -4.5700000e+01   1.2555197e-02
  -4.5500000e+01   1.2957465e-02
  -4.5300000e+01   1.2168694e-02
  -4.5100000e+01   1.0473154e-02
  -4.4900000e+01   8.1243481e-03
  -4.4700000e+01   4.8432229e-03
  -4.4500000e+01   1.8148681e-03
  -4.4300000e+01  -1.3133028e-03
  -4.4100000e+01  -3.5610927e-03
  -4.3900000e+01  -6.3407211e-03
  -4.3700000e+01  -1.1232794e-02
  -4.3500000e+01  -1.5580164e-02
  -4.3300000e+01  -1.8900562e-02
  -4.3100000e+01  -2.1137508e-02
  -4.2900000e+01  -2.2854511e-02
  -4.2700000e+01  -2.4570993e-02
  -4.2500000e+01  -2.6653599e-02
  -4.2300000e+01  -2.8003360e-02
  -4.2100000e+01  -2.9248407e-02
  -4.1900000e+01  -3.1205678e-02
  -4.1700000e+01  -3.3566329e-02
  -4.1500000e+01  -3.7485153e-02
  -4.1300000e+01  -4.1951464e-02
  -4.1100000e+01  -4.5738103e-02
  -4.0900000e+01  -5.0934601e-02
  -4.0700000e+01  -5.6632256e-02
  -4.0500000e+01  -6.1673206e-02
  -4.0300000e+01  -6.5428316e-02
  -4.0100000e+01  -6.7547681e-02
  -3.9900000e+01  -6.9476964e-02
  -3.9700000e+01  -7.1857730e-02
  -3.9500000e+01  -7.5091747e-02
  -3.9300000e+01  -7.7930819e-02
  -3.9100000e+01  -8.2647008e-02
  -3.8900000e+01  -8.9416215e-02
  -3.8700000e+01  -9.4679830e-02
  -3.8500000e+01  -9.7104353e-02
  -3.8300000e+01  -9.9422734e-02
  -3.8100000e+01  -1.0363678e-01
  -3.7900000e+01  -1.0872809e-01
  -3.7700000e+01  -1.1398969e-01
  -3.7500000e+01  -1.1966303e-01
  -3.7300000e+01  -1.2609622e-01
  -3.7100000e+01  -1.3308357e-01
  -3.6900000e+01  -1.4010414e-01
  -3.6700000e+01  -1.4726660e-01
  -3.6500000e+01  -1.5496049e-01
  -3.6300000e+01  -1.6233550e-01
  -3.6100000e+01  -1.6815643e-01
  -3.5900000e+01  -1.7240424e-01
  -3.5700000e+01  -1.7717835e-01
  -3.5500000e+01  -1.8402453e-01
  -3.5300000e+01  -1.9029304e-01
  -3.5100000e+01  -1.9505172e-01
  -3.4900000e+01  -2.0039554e-01
  -3.4700000e+01  -2.0583633e-01
  -3.4500000e+01  -2.1196224e-01
  -3.4300000e+01  -2.1897929e-01
  -3.4100000e+01  -2.2598608e-01
  -3.3900000e+01  -2.3345118e-01
  -3.3700000e+01  -2.4148483e-01
  -3.3500000e+01  -2.4879052e-01
  -3.3300000e+01  -2.5617056e-01
  -3.3100000e+01  -2.6343578e-01
  -3.2900000e+01  -2.6947284e-01
  -3.2700000e+01  -2.7640006e-01
  -3.2500000e+01  -2.8463733e-01
  -3.2300000e+01  -2.9304625e-01
  -3.2100000e+01  -3.0299824e-01
  -3.1900000e+01  -3.1523524e-01
  -3.1700000e+01  -3.2632337e-01
  -3.1500000e+01  -3.3558951e-01
  -3.1300000e+01  -3.4481822e-01
  -3.1100000e+01  -3.5296894e-01
  -3.0900000e+01  -3.6077393e-01
  -3.0700000e+01  -3.7022917e-01
  -3.0500000e+01  -3.7969589e-01
  -3.0300000e+01  -3.8638805e-01
  -3.0100000e+01  -3.9321637e-01
  -2.9900000e+01  -4.0243744e-01
  -2.9700000e+01  -4.1246313e-01
  -2.9500000e+01  -4.2334591e-01
  -2.9300000e+01  -4.3490525e-01
  -2.9100000e+01  -4.4560249e-01
  -2.8900000e+01  -4.5716597e-01
  -2.8700000e+01  -4.6952652e-01
  -2.8500000e+01  -4.8048925e-01
  -2.8300000e+01  -4.9029655e-01
  -2.8100000e+01  -4.9809148e-01
  -2.7900000e+01  -5.0514923e-01
  -2.7700000e+01  -5.1412572e-01
  -2.7500000e+01  -5.2387524e-01
  -2.7300000e+01  -5.3285646e-01
  -2.7100000e+01  -5.3991521e-01
  -2.6900000e+01  -5.4488537e-01
  -2.6700000e+01  -5.5012024e-01
  -2.6500000e+01  -5.5395109e-01
  -2.6300000e+01  -5.5501259e-01
  -2.6100000e+01  -5.5476948e-01
  -2.5900000e+01  -5.5383017e-01
  -2.5700000e+01  -5.4969642e-01
  -2.5500000e+01  -5.4051735e-01
  -2.5300000e+01  -5.2782862e-01
  -2.5100000e+01  -5.1371870e-01
  -2.4900000e+01  -4.9944085e-01
  -2.4700000e+01  -4.8592351e-01
  -2.4500000e+01  -4.7042481e-01
  -2.4300000e+01  -4.4983854e-01
  -2.4100000e+01  -4.2530116e-01
  -2.3900000e+01  -3.9816394e-01
  -2.3700000e+01  -3.6788781e-01
  -2.3500000e+01  -3.3476783e-01
  -2.3300000e+01  -2.9920404e-01
  -2.3100000e+01  -2.6320999e-01
  -2.2900000e+01  -2.2836477e-01
  -2.2700000e+01  -1.9183076e-01
  -2.2500000e+01  -1.5483742e-01
  -2.2300000e+01  -1.1785395e-01
  -2.2100000e+01  -7.9473716e-02
  -2.1900000e+01  -3.8203865e-02
  -2.1700000e+01   1.0828165e-02
  -2.1500000e+01   6.3769081e-02
  -2.1300000e+01   1.1383096e-01
  -2.1100000e+01   1.6255248e-01
  -2.0900000e+01   2.1318155e-01
  -2.0700000e+01   2.6498719e-01
  -2.0500000e+01   3.1457524e-01
  -2.0300000e+01   3.6198033e-01
  -2.0100000e+01   4.1018617e-01
  -1.9900000e+01   4.5937081e-01
  -1.9700000e+01   5.0876670e-01
  -1.9500000e+01   5.5753747e-01
  -1.9300000e+01   6.0427041e-01
  -1.9100000e+01   6.4923071e-01
  -1.8900000e+01   6.9194478e-01
  -1.8700000e+01   7.3227214e-01
  -1.8500000e+01   7.7174566e-01
  -1.8300000e+01   8.1133591e-01
  -1.8100000e+01   8.5129492e-01
  -1.7900000e+01   8.8991595e-01
  -1.7700000e+01   9.2635486e-01
  -1.7500000e+01   9.6287520e-01
  -1.7300000e+01   9.9863299e-01
  -1.7100000e+01   1.0325799e+00
  -1.6900000e+01   1.0670295e+00
  -1.6700000e+01   1.1020514e+00
  -1.6500000e+01   1.1353653e+00
  -1.6300000e+01   1.1683056e+00
  -1.6100000e+01   1.2000923e+00
  -1.5900000e+01   1.2298671e+00
  -1.5700000e+01   1.2597447e+00
  -1.5500000e+01   1.2901772e+00
  -1.5300000e+01   1.3215312e+00
  -1.5100000e+01   1.3530408e+00
  -1.4900000e+01   1.3828763e+00
  -1.4700000e+01   1.4111764e+00
  -1.4500000e+01   1.4388715e+00
  -1.4300000e+01   1.4657495e+00
  -1.4100000e+01   1.4919946e+00
  -1.3900000e+01   1.5175242e+00
  -1.3700000e+01   1.5406138e+00
  -1.3500000e+01   1.5626180e+00
  -1.3300000e+01   1.5865773e+00
  -1.3100000e+01   1.6124389e+00
  -1.2900000e+01   1.6393101e+00
  -1.2700000e+01   1.6670462e+00
  -1.2500000e+01   1.6960285e+00
  -1.2300000e+01   1.7244816e+00
  -1.2100000e+01   1.7512867e+00
  -1.1900000e+01   1.7765279e+00
  -1.1700000e+01   1.8028219e+00
  -1.1500000e+01   1.8330403e+00
  -1.1300000e+01   1.8682494e+00
  -1.1100000e+01   1.9099846e+00
  -1.0900000e+01   1.9563213e+00
  -1.0700000e+01   2.0040031e+00
  -1.0500000e+01   2.0528528e+00
  -1.0300000e+01   2.1050828e+00
  -1.0100000e+01   2.1607065e+00
  -9.9000000e+00   2.2216521e+00
  -9.7000000e+00   2.2943729e+00
  -9.5000000e+00   2.3789645e+00
  -9.3000000e+00   2.4687341e+00
  -9.1000000e+00   2.5574592e+00
  -8.9000000e+00   2.6407001e+00
  -8.7000000e+00   2.7159145e+00
  -8.5000000e+00   2.7832135e+00
  -8.3000000e+00   2.8445501e+00
  -8.1000000e+00   2.9038921e+00
  -7.9000000e+00   2.9653914e+00
  -7.7000000e+00   3.0373996e+00
  -7.5000000e+00   3.1213535e+00
  -7.3000000e+00   3.2114860e+00
  -7.1000000e+00   3.3080875e+00
  -6.9000000e+00   3.4055094e+00
  -6.7000000e+00   3.4918769e+00
  -6.5000000e+00   3.5571789e+00
  -6.3000000e+00   3.6024459e+00
  -6.1000000e+00   3.6428302e+00
  -5.9000000e+00   3.6935273e+00
  -5.7000000e+00   3.7613592e+00
  -5.5000000e+00   3.8401532e+00
  -5.3000000e+00   3.9181604e+00
  -5.1000000e+00   4.0047794e+00
  -4.9000000e+00   4.1287188e+00
  -4.7000000e+00   4.3147860e+00
  -4.5000000e+00   4.5556307e+00
  -4.3000000e+00   4.8117638e+00
  -4.1000000e+00   5.0460880e+00
  -3.9000000e+00   5.2434391e+00
  -3.7000000e+00   5.3987396e+00
  -3.5000000e+00   5.5056734e+00
  -3.3000000e+00   5.5696316e+00
  -3.1000000e+00   5.6174598e+00
  -2.9000000e+00   5.6866982e+00
  -2.7000000e+00   5.8055093e+00
  -2.5000000e+00   5.9857312e+00
  -2.3000000e+00   6.2238264e+00
  -2.1000000e+00   6.5012982e+00
  -1.9000000e+00   6.7820603e+00
  -1.7000000e+00   7.0172719e+00
  -1.5000000e+00   7.1769322e+00
  -1.3000000e+00   7.2737490e+00
  -1.1000000e+00   7.3421084e+00
  -9.0000000e-01   7.4098257e+00
  -7.0000000e-01   7.4892832e+00
  -5.0000000e-01   7.5810570e+00
  -3.0000000e-01   7.6816307e+00
  -1.0000000e-01   7.7827286e+00
   1.0000000e-01   7.8688885e+00
   3.0000000e-01   7.9226483e+00
   5.0000000e-01   7.9325717e+00
   7.0000000e-01   7.8964098e+00
   9.0000000e-01   7.8211676e+00
   1.1000000e+00   7.7200043e+00
   1.3000000e+00   7.6080009e+00
   1.5000000e+00   7.4924943e+00
   1.7000000e+00   7.3664999e+00
   1.9000000e+00   7.2158222e+00
   2.1000000e+00   7.0259725e+00
   2.3000000e+00   6.7904873e+00
   2.5000000e+00   6.5136058e+00
   2.7000000e+00   6.2095017e+00
   2.9000000e+00   5.8965366e+00
   3.1000000e+00   5.5923486e+00
   3.3000000e+00   5.3129410e+00
   3.5000000e+00   5.0676484e+00
   3.7000000e+00   4.8562269e+00
   3.9000000e+00   4.6702777e+00
   4.1000000e+00   4.4998761e+00
   4.3000000e+00   4.3339168e+00
   4.5000000e+00   4.1611304e+00
   4.7000000e+00   3.9788347e+00
   4.9000000e+00   3.7901770e+00
   5.1000000e+00   3.5978101e+00
   5.3000000e+00   3.4062138e+00
   5.5000000e+00   3.2207897e+00
   5.7000000e+00   3.0458676e+00
   5.9000000e+00   2.8821852e+00
   6.1000000e+00   2.7290121e+00
   6.3000000e+00   2.5835388e+00
   6.5000000e+00   2.4424163e+00
   6.7000000e+00   2.3058149e+00
   6.9000000e+00   2.1756926e+00
   7.1000000e+00   2.0554709e+00
   7.3000000e+00   1.9478092e+00
   7.5000000e+00   1.8509954e+00
   7.7000000e+00   1.7597406e+00
   7.9000000e+00   1.6668057e+00
   8.1000000e+00   1.5726084e+00
   8.3000000e+00   1.4844881e+00
   8.5000000e+00   1.4076259e+00
   8.7000000e+00   1.3445145e+00
   8.9000000e+00   1.2940355e+00
   9.1000000e+00   1.2535185e+00
   9.3000000e+00   1.2193123e+00
   9.5000000e+00   1.1892497e+00
   9.7000000e+00   1.1639517e+00
   9.9000000e+00   1.1446428e+00
   1.0100000e+01   1.1303724e+00
   1.0300000e+01   1.1193061e+00
   1.0500000e+01   1.1089971e+00
   1.0700000e+01   1.0979872e+00
   1.0900000e+01   1.0873933e+00
   1.1100000e+01   1.0785452e+00
   1.1300000e+01   1.0726056e+00
   1.1500000e+01   1.0721208e+00
   1.1700000e+01   1.0770645e+00
   1.1900000e+01   1.0842379e+00
   1.2100000e+01   1.0919564e+00
   1.2300000e+01   1.0999400e+00
   1.2500000e+01   1.1083879e+00
   1.2700000e+01   1.1158270e+00
   1.2900000e+01   1.1199418e+00
   1.3100000e+01   1.1199536e+00
   1.3300000e+01   1.1174002e+00
   1.3500000e+01   1.1139262e+00
   1.3700000e+01   1.1077301e+00
   1.3900000e+01   1.0997817e+00
   1.4100000e+01   1.0922109e+00
   1.4300000e+01   1.0847699e+00
   1.4500000e+01   1.0789385e+00
   1.4700000e+01   1.0741053e+00
   1.4900000e+01   1.0683574e+00
   1.5100000e+01   1.0622585e+00
   1.5300000e+01   1.0569855e+00
   1.5500000e+01   1.0518546e+00
   1.5700000e+01   1.0464519e+00
   1.5900000e+01   1.0415013e+00
   1.6100000e+01   1.0362105e+00
   1.6300000e+01   1.0276490e+00
   1.6500000e+01   1.0168116e+00
   1.6700000e+01   1.0059011e+00
   1.6900000e+01   9.9440253e-01
   1.7100000e+01   9.8197138e-01
   1.7300000e+01   9.6883890e-01
   1.7500000e+01   9.5338994e-01
   1.7700000e+01   9.3364231e-01
   1.7900000e+01   9.1168572e-01
   1.8100000e+01   8.8998491e-01
   1.8300000e+01   8.6862262e-01
   1.8500000e+01   8.4697678e-01
   1.8700000e+01   8.2433765e-01
   1.8900000e+01   8.0256340e-01
   1.9100000e+01   7.8104579e-01
   1.9300000e+01   7.5875762e-01
   1.9500000e+01   7.3869823e-01
   1.9700000e+01   7.2220056e-01
   1.9900000e+01   7.0669046e-01
   2.0100000e+01   6.9057298e-01
   2.0300000e+01   6.7761998e-01
   2.0500000e+01   6.6641636e-01
   2.0700000e+01   6.5353975e-01
   2.0900000e+01   6.3846779e-01
   2.1100000e+01   6.2396524e-01
   2.1300000e+01   6.1133401e-01
   2.1500000e+01   5.9746458e-01
   2.1700000e+01   5.8149625e-01
   2.1900000e+01   5.6755974e-01
   2.2100000e+01   5.5464497e-01
   2.2300000e+01   5.4007745e-01
   2.2500000e+01   5.2606244e-01
   2.2700000e+01   5.1383523e-01
   2.2900000e+01   5.0265532e-01
   2.3100000e+01   4.9115165e-01
   2.3300000e+01   4.7946579e-01
   2.3500000e+01   4.6965827e-01
   2.3700000e+01   4.6193690e-01
   2.3900000e+01   4.5344003e-01
   2.4100000e+01   4.4477672e-01
   2.4300000e+01   4.3732682e-01
   2.4500000e+01   4.2874196e-01
   2.4700000e+01   4.1702059e-01
   2.4900000e+01   4.0465513e-01
   2.5100000e+01   3.9171107e-01
   2.5300000e+01   3.7853978e-01
   2.5500000e+01   3.6620067e-01
   2.5700000e+01   3.5449102e-01
   2.5900000e+01   3.4379986e-01
   2.6100000e+01   3.3567147e-01
   2.6300000e+01   3.2886417e-01
   2.6500000e+01   3.2198392e-01
   2.6700000e+01   3.1778481e-01
   2.6900000e+01   3.1447331e-01
   2.7100000e+01   3.1080879e-01
   2.7300000e+01   3.0691731e-01
   2.7500000e+01   3.0338252e-01
   2.7700000e+01   3.0286946e-01
   2.7900000e+01   3.0568277e-01
   2.8100000e+01   3.0914735e-01
   2.8300000e+01   3.1166247e-01
   2.8500000e+01   3.1203778e-01
   2.8700000e+01   3.1004019e-01
   2.8900000e+01   3.0598682e-01
   2.9100000e+01   3.0013219e-01
   2.9300000e+01   2.9404740e-01
   2.9500000e+01   2.8764341e-01
   2.9700000e+01   2.8137472e-01
   2.9900000e+01   2.7618733e-01
   3.0100000e+01   2.7144596e-01
   3.0300000e+01   2.6661952e-01
   3.0500000e+01   2.6201519e-01
   3.0700000e+01   2.5747824e-01
   3.0900000e+01   2.5414776e-01
   3.1100000e+01   2.5137907e-01
   3.1300000e+01   2.4774686e-01
   3.1500000e+01   2.4367293e-01
   3.1700000e+01   2.4075188e-01
   3.1900000e+01   2.3806136e-01
   3.2100000e+01   2.3530535e-01
   3.2300000e+01   2.3290173e-01
   3.2500000e+01   2.2847083e-01
   3.2700000e+01   2.2398694e-01
   3.2900000e+01   2.2089102e-01
   3.3100000e+01   2.1755389e-01
   3.3300000e+01   2.1417945e-01
   3.3500000e+01   2.1029584e-01
   3.3700000e+01   2.0473802e-01
   3.3900000e+01   1.9907387e-01
   3.4100000e+01   1.9445244e-01
   3.4300000e+01   1.9081474e-01
   3.4500000e+01   1.8790930e-01
   3.4700000e+01   1.8365064e-01
   3.4900000e+01   1.7991469e-01
   3.5100000e+01   1.7619796e-01
   3.5300000e+01   1.7119981e-01
   3.5500000e+01   1.6746112e-01
   3.5700000e+01   1.6334139e-01
   3.5900000e+01   1.5929172e-01
   3.6100000e+01   1.5622989e-01
   3.6300000e+01   1.5167302e-01
   3.6500000e+01   1.4566431e-01
   3.6700000e+01   1.4025946e-01
   3.6900000e+01   1.3601099e-01
   3.7100000e+01   1.3219176e-01
   3.7300000e+01   1.2746719e-01
   3.7500000e+01   1.2134626e-01
   3.7700000e+01   1.1655830e-01
   3.7900000e+01   1.1419943e-01
   3.8100000e+01   1.1302676e-01
   3.8300000e+01   1.1165833e-01
   3.8500000e+01   1.0896162e-01
   3.8700000e+01   1.0447385e-01
   3.8900000e+01   9.7709484e-02
   3.9100000e+01   9.1356126e-02
   3.9300000e+01   8.6746268e-02
   3.9500000e+01   8.2663254e-02
   3.9700000e+01   7.8289707e-02
   3.9900000e+01   7.4387833e-02
   4.0100000e+01   7.1170252e-02
   4.0300000e+01   6.6980600e-02
   4.0500000e+01   6.2818533e-02
   4.0700000e+01   5.9399114e-02
   4.0900000e+01   5.6937552e-02
   4.1100000e+01   5.4597504e-02
   4.1300000e+01   5.1561785e-02
   4.1500000e+01   4.8984800e-02
   4.1700000e+01   4.7220536e-02
   4.1900000e+01   4.5311160e-02
   4.2100000e+01   4.3742489e-02
   4.2300000e+01   4.2680341e-02
   4.2500000e+01   4.0732185e-02
   4.2700000e+01   3.8371558e-02
   4.2900000e+01   3.5929655e-02
   4.3100000e+01   3.2849266e-02
   4.3300000e+01   2.8985762e-02
   4.3500000e+01   2.6367207e-02
   4.3700000e+01   2.5904931e-02
   4.3900000e+01   2.4632701e-02
   4.4100000e+01   2.3185194e-02
   4.4300000e+01   2.2554858e-02
   4.4500000e+01   2.1567392e-02
   4.4700000e+01   2.0417833e-02
   4.4900000e+01   1.9441409e-02
   4.5100000e+01   1.8818176e-02
   4.5300000e+01   1.8357635e-02
   4.5500000e+01   1.8112919e-02
   4.5700000e+01   1.7635119e-02
   4.5900000e+01   1.7036133e-02
   4.6100000e+01   1.6761472e-02
   4.6300000e+01   1.7383482e-02
   4.6500000e+01   1.6169443e-02
   4.6700000e+01   9.0694513e-03
   4.6900000e+01   0.0000000e+00
