  -4.6900000e+01   0.0000000e+00
  -4.6700000e+01   6.9095726e-03
  -4.6500000e+01   1.2421357e-02
  -4.6300000e+01   1.3655068e-02
  -4.6100000e+01   1.2050400e-02
  -4.5900000e+01   1.1196021e-02
  -4.5700000e+01   1.1688225e-02
  -4.5500000e+01   1.1945998e-02
  -4.5300000e+01   1.1012732e-02
  -4.5100000e+01   9.1726966e-03
  -4.4900000e+01   6.6793955e-03
  -4.4700000e+01   3.2537751e-03
  -4.4500000e+01   8.0925042e-05
  -4.4300000e+01  -3.1917411e-03
  -4.4100000e+01  -5.5840262e-03
  -4.3900000e+01  -8.5081499e-03
  -4.3700000e+01  -1.3544719e-02
  -4.3500000e+01  -1.8036583e-02
  -4.3300000e+01  -2.1501477e-02
  -4.3100000e+01  -2.3882918e-02
  -4.2900000e+01  -2.5744417e-02
  -4.2700000e+01  -2.7605394e-02
  -4.2500000e+01  -2.9832495e-02
  -4.2300000e+01  -3.1326751e-02
  -4.2100000e+01  -3.2716293e-02
  -4.1900000e+01  -3.4818059e-02
  -4.1700000e+01  -3.7323206e-02
  -4.1500000e+01  -4.1386525e-02
  -4.1300000e+01  -4.5997331e-02
  -4.1100000e+01  -4.9928466e-02
  -4.0900000e+01  -5.5269459e-02
  -4.0700000e+01  -6.1111609e-02
  -4.0500000e+01  -6.6297055e-02
  -4.0300000e+01  -7.0196660e-02
  -4.0100000e+01  -7.2460520e-02
  -3.9900000e+01  -7.4534298e-02
  -3.9700000e+01  -7.7059559e-02
  -3.9500000e+01  -8.0438072e-02
  -3.9300000e+01  -8.3421638e-02
  -3.9100000e+01  -8.8282323e-02
  -3.8900000e+01  -9.5196025e-02
  -3.8700000e+01  -1.0060414e-01
  -3.8500000e+01  -1.0317315e-01
  -3.8300000e+01  -1.0563603e-01
  -3.8100000e+01  -1.0999457e-01
  -3.7900000e+01  -1.1523038e-01
  -3.7700000e+01  -1.2063647e-01
  -3.7500000e+01  -1.2645431e-01
  -3.7300000e+01  -1.3303199e-01
  -3.7100000e+01  -1.4016383e-01
  -3.6900000e+01  -1.4732890e-01
  -3.6700000e+01  -1.5463586e-01
  -3.6500000e+01  -1.6247425e-01
  -3.6300000e+01  -1.6999375e-01
  -3.6100000e+01  -1.7595918e-01
  -3.5900000e+01  -1.8035148e-01
  -3.5700000e+01  -1.8527008e-01
  -3.5500000e+01  -1.9226076e-01
  -3.5300000e+01  -1.9867377e-01
  -3.5100000e+01  -2.0357694e-01
  -3.4900000e+01  -2.0906526e-01
  -3.4700000e+01  -2.1465054e-01
  -3.4500000e+01  -2.2092095e-01
  -3.4300000e+01  -2.2808249e-01
  -3.4100000e+01  -2.3523378e-01
  -3.3900000e+01  -2.4284338e-01
  -3.3700000e+01  -2.5102152e-01
  -3.3500000e+01  -2.5847170e-01
  -3.3300000e+01  -2.6599624e-01
  -3.3100000e+01  -2.7340595e-01
  -3.2900000e+01  -2.7958751e-01
  -3.2700000e+01  -2.8665923e-01
  -3.2500000e+01  -2.9504099e-01
  -3.2300000e+01  -3.0359440e-01
  -3.2100000e+01  -3.1369088e-01
  -3.1900000e+01  -3.2607239e-01
  -3.1700000e+01  -3.3730501e-01
  -3.1500000e+01  -3.4671565e-01
  -3.1300000e+01  -3.5608885e-01
  -3.1100000e+01  -3.6438406e-01
  -3.0900000e+01  -3.7233355e-01
  -3.0700000e+01  -3.8193328e-01
  -3.0500000e+01  -3.9154450e-01
  -3.0300000e+01  -3.9838115e-01
  -3.0100000e+01  -4.0535397e-01
  -2.9900000e+01  -4.1471954e-01
  -2.9700000e+01  -4.2488973e-01
  -2.9500000e+01  -4.3591700e-01
  -2.9300000e+01  -4.4762084e-01
  -2.9100000e+01  -4.5846257e-01
  -2.8900000e+01  -4.7017054e-01
  -2.8700000e+01  -4.8267559e-01
  -2.8500000e+01  -4.9378282e-01
  -2.8300000e+01  -5.0373460e-01
  -2.8100000e+01  -5.1167404e-01
  -2.7900000e+01  -5.1887628e-01
  -2.7700000e+01  -5.2799727e-01
  -2.7500000e+01  -5.3789128e-01
  -2.7300000e+01  -5.4701699e-01
  -2.7100000e+01  -5.5422024e-01
  -2.6900000e+01  -5.5933490e-01
  -2.6700000e+01  -5.6471426e-01
  -2.6500000e+01  -5.6868961e-01
  -2.6300000e+01  -5.6989560e-01
  -2.6100000e+01  -5.6979699e-01
  -2.5900000e+01  -5.6900217e-01
  -2.5700000e+01  -5.6501292e-01
  -2.5500000e+01  -5.5597835e-01
  -2.5300000e+01  -5.4343411e-01
  -2.5100000e+01  -5.2946868e-01
  -2.4900000e+01  -5.1533533e-01
  -2.4700000e+01  -5.0196248e-01
  -2.4500000e+01  -4.8660828e-01
  -2.4300000e+01  -4.6616651e-01
  -2.4100000e+01  -4.4177362e-01
  -2.3900000e+01  -4.1478090e-01
  -2.3700000e+01  -3.8464926e-01
  -2.3500000e+01  -3.5167377e-01
  -2.3300000e+01  -3.1625448e-01
  -2.3100000e+01  -2.8040493e-01
  -2.2900000e+01  -2.4570420e-01
  -2.2700000e+01  -2.0931468e-01
  -2.2500000e+01  -1.7246585e-01
  -2.2300000e+01  -1.3562687e-01
  -2.2100000e+01  -9.7391128e-02
  -2.1900000e+01  -5.6265772e-02
  -2.1700000e+01  -7.3782371e-03
  -2.1500000e+01   4.5418184e-02
  -2.1300000e+01   9.5335567e-02
  -2.1100000e+01   1.4391260e-01
  -2.0900000e+01   1.9439716e-01
  -2.0700000e+01   2.4605831e-01
  -2.0500000e+01   2.9550187e-01
  -2.0300000e+01   3.4276246e-01
  -2.0100000e+01   3.9082380e-01
  -1.9900000e+01   4.3986395e-01
  -1.9700000e+01   4.8911535e-01
  -1.9500000e+01   5.3774162e-01
  -1.9300000e+01   5.8433007e-01
  -1.9100000e+01   6.2914587e-01
  -1.8900000e+01   6.7171545e-01
  -1.8700000e+01   7.1189831e-01
  -1.8500000e+01   7.5122734e-01
  -1.8300000e+01   7.9067309e-01
  -1.8100000e+01   8.3048760e-01
  -1.7900000e+01   8.6896414e-01
  -1.7700000e+01   9.0525855e-01
  -1.7500000e+01   9.4163440e-01
  -1.7300000e+01   9.7724769e-01
  -1.7100000e+01   1.0110501e+00
  -1.6900000e+01   1.0453552e+00
  -1.6700000e+01   1.0802327e+00
  -1.6500000e+01   1.1134020e+00
  -1.6300000e+01   1.1461978e+00
  -1.6100000e+01   1.1778400e+00
  -1.5900000e+01   1.2074703e+00
  -1.5700000e+01   1.2372034e+00
  -1.5500000e+01   1.2674914e+00
  -1.5300000e+01   1.2987009e+00
  -1.5100000e+01   1.3300661e+00
  -1.4900000e+01   1.3597571e+00
  -1.4700000e+01   1.3879126e+00
  -1.4500000e+01   1.4154632e+00
  -1.4300000e+01   1.4421967e+00
  -1.4100000e+01   1.4682973e+00
  -1.3900000e+01   1.4936825e+00
  -1.3700000e+01   1.5166276e+00
  -1.3500000e+01   1.5384873e+00
  -1.3300000e+01   1.5623021e+00
  -1.3100000e+01   1.5880192e+00
  -1.2900000e+01   1.6147459e+00
  -1.2700000e+01   1.6423375e+00
  -1.2500000e+01   1.6711753e+00
  -1.2300000e+01   1.6994839e+00
  -1.2100000e+01   1.7261445e+00
  -1.1900000e+01   1.7512413e+00
  -1.1700000e+01   1.7773908e+00
  -1.1500000e+01   1.8074646e+00
  -1.1300000e+01   1.8425292e+00
  -1.1100000e+01   1.8841199e+00
  -1.0900000e+01   1.9303121e+00
  -1.0700000e+01   1.9778495e+00
  -1.0500000e+01   2.0265547e+00
  -1.0300000e+01   2.0786402e+00
  -1.0100000e+01   2.1341194e+00
  -9.9000000e+00   2.1949205e+00
  -9.7000000e+00   2.2674968e+00
  -9.5000000e+00   2.3519439e+00
  -9.3000000e+00   2.4415690e+00
  -9.1000000e+00   2.5301496e+00
  -8.9000000e+00   2.6132460e+00
  -8.7000000e+00   2.6883159e+00
  -8.5000000e+00   2.7554704e+00
  -8.3000000e+00   2.8166625e+00
  -8.1000000e+00   2.8758600e+00
  -7.9000000e+00   2.9372148e+00
  -7.7000000e+00   3.0090785e+00
  -7.5000000e+00   3.0928880e+00
  -7.3000000e+00   3.1828759e+00
  -7.1000000e+00   3.2793330e+00
  -6.9000000e+00   3.3766103e+00
  -6.7000000e+00   3.4628333e+00
  -6.5000000e+00   3.5279909e+00
  -6.3000000e+00   3.5731134e+00
  -6.1000000e+00   3.6133532e+00
  -5.9000000e+00   3.6639058e+00
  -5.7000000e+00   3.7315931e+00
  -5.5000000e+00   3.8102426e+00
  -5.3000000e+00   3.8881054e+00
  -5.1000000e+00   3.9745799e+00
  -4.9000000e+00   4.0983748e+00
  -4.7000000e+00   4.2842975e+00
  -4.5000000e+00   4.5249978e+00
  -4.3000000e+00   4.7809863e+00
  -4.1000000e+00   5.0151660e+00
  -3.9000000e+00   5.2123726e+00
  -3.7000000e+00   5.3675286e+00
  -3.5000000e+00   5.4743179e+00
  -3.3000000e+00   5.5381316e+00
  -3.1000000e+00   5.5858154e+00
  -2.9000000e+00   5.6549092e+00
  -2.7000000e+00   5.7735759e+00
  -2.5000000e+00   5.9536533e+00
  -2.3000000e+00   6.1916039e+00
  -2.1000000e+00   6.4689313e+00
  -1.9000000e+00   6.7495489e+00
  -1.7000000e+00   6.9846160e+00
  -1.5000000e+00   7.1441318e+00
  -1.3000000e+00   7.2408041e+00
  -1.1000000e+00   7.3090190e+00
  -9.0000000e-01   7.3765918e+00
  -7.0000000e-01   7.4559048e+00
  -5.0000000e-01   7.5475341e+00
  -3.0000000e-01   7.6479633e+00
  -1.0000000e-01   7.7489167e+00
   1.0000000e-01   7.8349322e+00
   3.0000000e-01   7.8885474e+00
   5.0000000e-01   7.8983263e+00
   7.0000000e-01   7.8620199e+00
   9.0000000e-01   7.7866332e+00
   1.1000000e+00   7.6853254e+00
   1.3000000e+00   7.5731776e+00
   1.5000000e+00   7.4575265e+00
   1.7000000e+00   7.3313875e+00
   1.9000000e+00   7.1805653e+00
   2.1000000e+00   6.9905711e+00
   2.3000000e+00   6.7549415e+00
   2.5000000e+00   6.4779155e+00
   2.7000000e+00   6.1736669e+00
   2.9000000e+00   5.8605572e+00
   3.1000000e+00   5.5562248e+00
   3.3000000e+00   5.2766726e+00
   3.5000000e+00   5.0312356e+00
   3.7000000e+00   4.8196696e+00
   3.9000000e+00   4.6335759e+00
   4.1000000e+00   4.4630298e+00
   4.3000000e+00   4.2969260e+00
   4.5000000e+00   4.1239952e+00
   4.7000000e+00   3.9415549e+00
   4.9000000e+00   3.7527527e+00
   5.1000000e+00   3.5602413e+00
   5.3000000e+00   3.3685005e+00
   5.5000000e+00   3.1829320e+00
   5.7000000e+00   3.0078654e+00
   5.9000000e+00   2.8440384e+00
   6.1000000e+00   2.6907208e+00
   6.3000000e+00   2.5451031e+00
   6.5000000e+00   2.4038360e+00
   6.7000000e+00   2.2670902e+00
   6.9000000e+00   2.1368234e+00
   7.1000000e+00   2.0164571e+00
   7.3000000e+00   1.9086510e+00
   7.5000000e+00   1.8116927e+00
   7.7000000e+00   1.7202934e+00
   7.9000000e+00   1.6272140e+00
   8.1000000e+00   1.5328723e+00
   8.3000000e+00   1.4446074e+00
   8.5000000e+00   1.3676007e+00
   8.7000000e+00   1.3043448e+00
   8.9000000e+00   1.2537213e+00
   9.1000000e+00   1.2130598e+00
   9.3000000e+00   1.1787092e+00
   9.5000000e+00   1.1485021e+00
   9.7000000e+00   1.1230596e+00
   9.9000000e+00   1.1036062e+00
   1.0100000e+01   1.0891912e+00
   1.0300000e+01   1.0779805e+00
   1.0500000e+01   1.0675270e+00
   1.0700000e+01   1.0563726e+00
   1.0900000e+01   1.0456342e+00
   1.1100000e+01   1.0366416e+00
   1.1300000e+01   1.0305575e+00
   1.1500000e+01   1.0299282e+00
   1.1700000e+01   1.0347274e+00
   1.1900000e+01   1.0417562e+00
   1.2100000e+01   1.0493303e+00
   1.2300000e+01   1.0571694e+00
   1.2500000e+01   1.0654728e+00
   1.2700000e+01   1.0727674e+00
   1.2900000e+01   1.0767377e+00
   1.3100000e+01   1.0766050e+00
   1.3300000e+01   1.0739071e+00
   1.3500000e+01   1.0702886e+00
   1.3700000e+01   1.0639480e+00
   1.3900000e+01   1.0558551e+00
   1.4100000e+01   1.0481399e+00
   1.4300000e+01   1.0405544e+00
   1.4500000e+01   1.0345785e+00
   1.4700000e+01   1.0296008e+00
   1.4900000e+01   1.0237084e+00
   1.5100000e+01   1.0174650e+00
   1.5300000e+01   1.0120475e+00
   1.5500000e+01   1.0067721e+00
   1.5700000e+01   1.0012249e+00
   1.5900000e+01   9.9612981e-01
   1.6100000e+01   9.9069446e-01
   1.6300000e+01   9.8198855e-01
   1.6500000e+01   9.7100656e-01
   1.6700000e+01   9.5995161e-01
   1.6900000e+01   9.4830854e-01
   1.7100000e+01   9.3573290e-01
   1.7300000e+01   9.2245592e-01
   1.7500000e+01   9.0686247e-01
   1.7700000e+01   8.8697034e-01
   1.7900000e+01   8.6486926e-01
   1.8100000e+01   8.4302395e-01
   1.8300000e+01   8.2151717e-01
   1.8500000e+01   7.9972683e-01
   1.8700000e+01   7.7694320e-01
   1.8900000e+01   7.5502446e-01
   1.9100000e+01   7.3336236e-01
   1.9300000e+01   7.1092969e-01
   1.9500000e+01   6.9072581e-01
   1.9700000e+01   6.7408364e-01
   1.9900000e+01   6.5842905e-01
   2.0100000e+01   6.4216707e-01
   2.0300000e+01   6.2906957e-01
   2.0500000e+01   6.1772146e-01
   2.0700000e+01   6.0470035e-01
   2.0900000e+01   5.8948390e-01
   2.1100000e+01   5.7483685e-01
   2.1300000e+01   5.6206112e-01
   2.1500000e+01   5.4804721e-01
   2.1700000e+01   5.3193438e-01
   2.1900000e+01   5.1785337e-01
   2.2100000e+01   5.0479411e-01
   2.2300000e+01   4.9008209e-01
   2.2500000e+01   4.7592259e-01
   2.2700000e+01   4.6355088e-01
   2.2900000e+01   4.5222647e-01
   2.3100000e+01   4.4057831e-01
   2.3300000e+01   4.2874796e-01
   2.3500000e+01   4.1879594e-01
   2.3700000e+01   4.1093007e-01
   2.3900000e+01   4.0228871e-01
   2.4100000e+01   3.9348090e-01
   2.4300000e+01   3.8588650e-01
   2.4500000e+01   3.7715715e-01
   2.4700000e+01   3.6529129e-01
   2.4900000e+01   3.5278133e-01
   2.5100000e+01   3.3969278e-01
   2.5300000e+01   3.2637699e-01
   2.5500000e+01   3.1389339e-01
   2.5700000e+01   3.0203924e-01
   2.5900000e+01   2.9120359e-01
   2.6100000e+01   2.8293070e-01
   2.6300000e+01   2.7597890e-01
   2.6500000e+01   2.6895416e-01
   2.6700000e+01   2.6461055e-01
   2.6900000e+01   2.6115456e-01
   2.7100000e+01   2.5734555e-01
   2.7300000e+01   2.5330957e-01
   2.7500000e+01   2.4963029e-01
   2.7700000e+01   2.4897273e-01
   2.7900000e+01   2.5164154e-01
   2.8100000e+01   2.5496163e-01
   2.8300000e+01   2.5733225e-01
   2.8500000e+01   2.5756307e-01
   2.8700000e+01   2.5542098e-01
   2.8900000e+01   2.5122312e-01
   2.9100000e+01   2.4522400e-01
   2.9300000e+01   2.3899471e-01
   2.9500000e+01   2.3244622e-01
   2.9700000e+01   2.2603304e-01
   2.9900000e+01   2.2070115e-01
   3.0100000e+01   2.1581529e-01
   3.0300000e+01   2.1084435e-01
   3.0500000e+01   2.0609552e-01
   3.0700000e+01   2.0141408e-01
   3.0900000e+01   1.9793911e-01
   3.1100000e+01   1.9502592e-01
   3.1300000e+01   1.9124921e-01
   3.1500000e+01   1.8703079e-01
   3.1700000e+01   1.8396524e-01
   3.1900000e+01   1.8113023e-01
   3.2100000e+01   1.7822972e-01
   3.2300000e+01   1.7568161e-01
   3.2500000e+01   1.7110622e-01
   3.2700000e+01   1.6647783e-01
   3.2900000e+01   1.6323741e-01
   3.3100000e+01   1.5975579e-01
   3.3300000e+01   1.5623686e-01
   3.3500000e+01   1.5220875e-01
   3.3700000e+01   1.4650643e-01
   3.3900000e+01   1.4069778e-01
   3.4100000e+01   1.3593187e-01
   3.4300000e+01   1.3214967e-01
   3.4500000e+01   1.2909973e-01
   3.4700000e+01   1.2469658e-01
   3.4900000e+01   1.2081613e-01
   3.5100000e+01   1.1695491e-01
   3.5300000e+01   1.1181226e-01
   3.5500000e+01   1.0792907e-01
   3.5700000e+01   1.0366485e-01
   3.5900000e+01   9.9470688e-02
   3.6100000e+01   9.6264356e-02
   3.6300000e+01   9.1562991e-02
   3.6500000e+01   8.5409788e-02
   3.6700000e+01   7.9860440e-02
   3.6900000e+01   7.5467473e-02
   3.7100000e+01   7.1503748e-02
   3.7300000e+01   6.6634686e-02
   3.7500000e+01   6.0369261e-02
   3.7700000e+01   5.5436806e-02
   3.7900000e+01   5.2933440e-02
   3.8100000e+01   5.1616276e-02
   3.8300000e+01   5.0103351e-02
   3.8500000e+01   4.7262141e-02
   3.8700000e+01   4.2629877e-02
   3.8900000e+01   3.5721019e-02
   3.9100000e+01   2.9223166e-02
   3.9300000e+01   2.4468813e-02
   3.9500000e+01   2.0241303e-02
   3.9700000e+01   1.5723261e-02
   3.9900000e+01   1.1676891e-02
   4.0100000e+01   8.3148156e-03
   4.0300000e+01   3.9806688e-03
   4.0500000e+01  -3.2589424e-04
   4.0700000e+01  -3.8898083e-03
   4.0900000e+01  -6.4958652e-03
   4.1100000e+01  -8.9804091e-03
   4.1300000e+01  -1.2160623e-02
   4.1500000e+01  -1.4882103e-02
   4.1700000e+01  -1.6790862e-02
   4.1900000e+01  -1.8844734e-02
   4.2100000e+01  -2.0557900e-02
   4.2300000e+01  -2.1764544e-02
   4.2500000e+01  -2.3857194e-02
   4.2700000e+01  -2.6362316e-02
   4.2900000e+01  -2.8948715e-02
   4.3100000e+01  -3.2173599e-02
   4.3300000e+01  -3.6181598e-02
   4.3500000e+01  -3.8944649e-02
   4.3700000e+01  -3.9551420e-02
   4.3900000e+01  -4.0968145e-02
   4.4100000e+01  -4.2560147e-02
   4.4300000e+01  -4.3334979e-02
   4.4500000e+01  -4.4466940e-02
   4.4700000e+01  -4.5760995e-02
   4.4900000e+01  -4.6881914e-02
   4.5100000e+01  -4.7649642e-02
   4.5300000e+01  -4.8254678e-02
   4.5500000e+01  -4.8643890e-02
   4.5700000e+01  -4.9266185e-02
   4.5900000e+01  -5.0009666e-02
   4.6100000e+01  -5.0428822e-02
   4.6300000e+01  -4.9951308e-02
   4.6500000e+01  -5.1309842e-02
   4.6700000e+01  -5.8554329e-02
   4.6900000e+01  -6.7768275e-02
