  -4.6900000e+01   0.0000000e+00
  -4.6700000e+01   3.2931681e-03
  -4.6500000e+01   8.8570915e-03
  -4.6300000e+01   9.8379004e-03
  -4.6100000e+01   9.1954380e-03
  -4.5900000e+01   8.0361346e-03
  -4.5700000e+01   5.0095705e-03
  -4.5500000e+01   1.9780543e-03
  -4.5300000e+01   3.8908265e-04
  -4.5100000e+01  -8.5831357e-04
  -4.4900000e+01  -3.4573604e-03
  -4.4700000e+01  -5.9704774e-03
  -4.4500000e+01  -8.6162858e-03
  -4.4300000e+01  -1.1913096e-02
  -4.4100000e+01  -1.4319380e-02
  -4.3900000e+01  -1.7482486e-02
  -4.3700000e+01  -2.1348114e-02
  -4.3500000e+01  -2.3363702e-02
  -4.3300000e+01  -2.2967418e-02
  -4.3100000e+01  -2.4588672e-02
  -4.2900000e+01  -2.7996138e-02
  -4.2700000e+01  -2.8749793e-02
  -4.2500000e+01  -2.8511721e-02
  -4.2300000e+01  -3.0823445e-02
  -4.2100000e+01  -3.4523107e-02
  -4.1900000e+01  -3.7823130e-02
  -4.1700000e+01  -4.1196857e-02
  -4.1500000e+01  -4.4407666e-02
  -4.1300000e+01  -4.7376326e-02
  -4.1100000e+01  -5.1461477e-02
  -4.0900000e+01  -5.5423207e-02
  -4.0700000e+01  -5.7742416e-02
  -4.0500000e+01  -6.0455772e-02
  -4.0300000e+01  -6.3912786e-02
  -4.0100000e+01  -6.9416429e-02
  -3.9900000e+01  -7.5575282e-02
  -3.9700000e+01  -7.9618470e-02
  -3.9500000e+01  -8.1930810e-02
  -3.9300000e+01  -8.5067995e-02
  -3.9100000e+01  -8.8693917e-02
  -3.8900000e+01  -9.2608585e-02
  -3.8700000e+01  -9.7876141e-02
  -3.8500000e+01  -1.0233694e-01
  -3.8300000e+01  -1.0554584e-01
  -3.8100000e+01  -1.0862575e-01
  -3.7900000e+01  -1.1122082e-01
  -3.7700000e+01  -1.1277582e-01
  -3.7500000e+01  -1.1382047e-01
  -3.7300000e+01  -1.1679677e-01
  -3.7100000e+01  -1.2289932e-01
  -3.6900000e+01  -1.3133900e-01
  -3.6700000e+01  -1.3855202e-01
  -3.6500000e+01  -1.4234933e-01
  -3.6300000e+01  -1.4605464e-01
  -3.6100000e+01  -1.5121555e-01
  -3.5900000e+01  -1.5883639e-01
  -3.5700000e+01  -1.6681039e-01
  -3.5500000e+01  -1.7347651e-01
  -3.5300000e+01  -1.8001287e-01
  -3.5100000e+01  -1.8646012e-01
  -3.4900000e+01  -1.9126675e-01
  -3.4700000e+01  -1.9403250e-01
  -3.4500000e+01  -1.9681446e-01
  -3.4300000e+01  -2.0298077e-01
  -3.4100000e+01  -2.1105504e-01
  -3.3900000e+01  -2.1792646e-01
  -3.3700000e+01  -2.2540435e-01
  -3.3500000e+01  -2.3326250e-01
  -3.3300000e+01  -2.3966936e-01
  -3.3100000e+01  -2.4626872e-01
  -3.2900000e+01  -2.5355489e-01
  -3.2700000e+01  -2.6093214e-01
  -3.2500000e+01  -2.6755439e-01
  -3.2300000e+01  -2.7324383e-01
  -3.2100000e+01  -2.7896276e-01
  -3.1900000e+01  -2.8321607e-01
  -3.1700000e+01  -2.8680457e-01
  -3.1500000e+01  -2.9204308e-01
  -3.1300000e+01  -3.0002663e-01
  -3.1100000e+01  -3.0780250e-01
  -3.0900000e+01  -3.1367431e-01
  -3.0700000e+01  -3.1941604e-01
  -3.0500000e+01  -3.2668707e-01
  -3.0300000e+01  -3.3564208e-01
  -3.0100000e+01  -3.4643847e-01
  -2.9900000e+01  -3.5744727e-01
  -2.9700000e+01  -3.6797271e-01
  -2.9500000e+01  -3.7914689e-01
  -2.9300000e+01  -3.8988402e-01
  -2.9100000e+01  -3.9854582e-01
  -2.8900000e+01  -4.0658481e-01
  -2.8700000e+01  -4.1618067e-01
  -2.8500000e+01  -4.2782055e-01
  -2.8300000e+01  -4.4111185e-01
  -2.8100000e+01  -4.5425984e-01
  -2.7900000e+01  -4.6634012e-01
  -2.7700000e+01  -4.7778708e-01
  -2.7500000e+01  -4.8984190e-01
  -2.7300000e+01  -5.0111232e-01
  -2.7100000e+01  -5.1137935e-01
  -2.6900000e+01  -5.2038570e-01
  -2.6700000e+01  -5.2788464e-01
  -2.6500000e+01  -5.3459731e-01
  -2.6300000e+01  -5.4003689e-01
  -2.6100000e+01  -5.4192500e-01
  -2.5900000e+01  -5.4021175e-01
  -2.5700000e+01  -5.3780754e-01
  -2.5500000e+01  -5.3425871e-01
  -2.5300000e+01  -5.2914257e-01
  -2.5100000e+01  -5.2308232e-01
  -2.4900000e+01  -5.1568379e-01
  -2.4700000e+01  -5.0658734e-01
  -2.4500000e+01  -4.9486845e-01
  -2.4300000e+01  -4.8096914e-01
  -2.4100000e+01  -4.6459512e-01
  -2.3900000e+01  -4.4473999e-01
  -2.3700000e+01  -4.2155360e-01
  -2.3500000e+01  -3.9524996e-01
  -2.3300000e+01  -3.6520935e-01
  -2.3100000e+01  -3.3085577e-01
  -2.2900000e+01  -2.9432490e-01
  -2.2700000e+01  -2.5527973e-01
  -2.2500000e+01  -2.1269821e-01
  -2.2300000e+01  -1.6788231e-01
  -2.2100000e+01  -1.1826820e-01
  -2.1900000e+01  -6.4255907e-02
  -2.1700000e+01  -7.6146356e-03
  -2.1500000e+01   4.9587347e-02
  -2.1300000e+01   1.0376744e-01
  -2.1100000e+01   1.5671760e-01
  -2.0900000e+01   2.0950040e-01
  -2.0700000e+01   2.6174017e-01
  -2.0500000e+01   3.1150880e-01
  -2.0300000e+01   3.5804507e-01
  -2.0100000e+01   4.0423863e-01
  -1.9900000e+01   4.5122455e-01
  -1.9700000e+01   4.9817454e-01
  -1.9500000e+01   5.4456187e-01
  -1.9300000e+01   5.8892165e-01
  -1.9100000e+01   6.3186713e-01
  -1.8900000e+01   6.7422216e-01
  -1.8700000e+01   7.1678909e-01
  -1.8500000e+01   7.5815737e-01
  -1.8300000e+01   7.9729110e-01
  -1.8100000e+01   8.3704552e-01
  -1.7900000e+01   8.7777307e-01
  -1.7700000e+01   9.1754625e-01
  -1.7500000e+01   9.5493311e-01
  -1.7300000e+01   9.9076699e-01
  -1.7100000e+01   1.0259814e+00
  -1.6900000e+01   1.0601030e+00
  -1.6700000e+01   1.0930083e+00
  -1.6500000e+01   1.1253810e+00
  -1.6300000e+01   1.1575981e+00
  -1.6100000e+01   1.1884763e+00
  -1.5900000e+01   1.2169164e+00
  -1.5700000e+01   1.2441794e+00
  -1.5500000e+01   1.2715013e+00
  -1.5300000e+01   1.2978158e+00
  -1.5100000e+01   1.3223168e+00
  -1.4900000e+01   1.3473084e+00
  -1.4700000e+01   1.3725211e+00
  -1.4500000e+01   1.3959211e+00
  -1.4300000e+01   1.4184947e+00
  -1.4100000e+01   1.4413991e+00
  -1.3900000e+01   1.4646598e+00
  -1.3700000e+01   1.4886921e+00
  -1.3500000e+01   1.5121308e+00
  -1.3300000e+01   1.5338433e+00
  -1.3100000e+01   1.5546329e+00
  -1.2900000e+01   1.5741677e+00
  -1.2700000e+01   1.5936874e+00
  -1.2500000e+01   1.6156518e+00
  -1.2300000e+01   1.6396508e+00
  -1.2100000e+01   1.6661680e+00
  -1.1900000e+01   1.6950781e+00
  -1.1700000e+01   1.7251364e+00
  -1.1500000e+01   1.7597495e+00
  -1.1300000e+01   1.7997979e+00
  -1.1100000e+01   1.8401754e+00
  -1.0900000e+01   1.8755270e+00
  -1.0700000e+01   1.9033836e+00
  -1.0500000e+01   1.9249208e+00
  -1.0300000e+01   1.9466830e+00
  -1.0100000e+01   1.9786617e+00
  -9.9000000e+00   2.0265854e+00
  -9.7000000e+00   2.0901702e+00
  -9.5000000e+00   2.1631737e+00
  -9.3000000e+00   2.2330627e+00
  -9.1000000e+00   2.2912764e+00
  -8.9000000e+00   2.3382891e+00
  -8.7000000e+00   2.3805968e+00
  -8.5000000e+00   2.4268553e+00
  -8.3000000e+00   2.4829257e+00
  -8.1000000e+00   2.5462687e+00
  -7.9000000e+00   2.6128683e+00
  -7.7000000e+00   2.6835446e+00
  -7.5000000e+00   2.7508597e+00
  -7.3000000e+00   2.8057220e+00
  -7.1000000e+00   2.8503859e+00
  -6.9000000e+00   2.8986702e+00
  -6.7000000e+00   2.9730176e+00
  -6.5000000e+00   3.0853363e+00
  -6.3000000e+00   3.2259737e+00
  -6.1000000e+00   3.3919720e+00
  -5.9000000e+00   3.5744977e+00
  -5.7000000e+00   3.7540411e+00
  -5.5000000e+00   3.9157256e+00
  -5.3000000e+00   4.0365600e+00
  -5.1000000e+00   4.1089583e+00
  -4.9000000e+00   4.1542768e+00
  -4.7000000e+00   4.2139327e+00
  -4.5000000e+00   4.3256659e+00
  -4.3000000e+00   4.5087259e+00
  -4.1000000e+00   4.7549649e+00
  -3.9000000e+00   5.0221631e+00
  -3.7000000e+00   5.2592023e+00
  -3.5000000e+00   5.4436610e+00
  -3.3000000e+00   5.6005604e+00
  -3.1000000e+00   5.7701856e+00
  -2.9000000e+00   5.9670863e+00
  -2.7000000e+00   6.1811955e+00
  -2.5000000e+00   6.4091355e+00
  -2.3000000e+00   6.6642671e+00
  -2.1000000e+00   6.9634891e+00
  -1.9000000e+00   7.3052576e+00
  -1.7000000e+00   7.6514055e+00
  -1.5000000e+00   7.9343257e+00
  -1.3000000e+00   8.1023761e+00
  -1.1000000e+00   8.1653687e+00
  -9.0000000e-01   8.1687613e+00
  -7.0000000e-01   8.1523498e+00
  -5.0000000e-01   8.1382493e+00
  -3.0000000e-01   8.1351525e+00
  -1.0000000e-01   8.1459663e+00
   1.0000000e-01   8.1649692e+00
   3.0000000e-01   8.1748851e+00
   5.0000000e-01   8.1508876e+00
   7.0000000e-01   8.0660324e+00
   9.0000000e-01   7.9064946e+00
   1.1000000e+00   7.6957581e+00
   1.3000000e+00   7.4910492e+00
   1.5000000e+00   7.3447183e+00
   1.7000000e+00   7.2699206e+00
   1.9000000e+00   7.2385939e+00
   2.1000000e+00   7.2004106e+00
   2.3000000e+00   7.1142510e+00
   2.5000000e+00   6.9676347e+00
   2.7000000e+00   6.7673637e+00
   2.9000000e+00   6.5245574e+00
   3.1000000e+00   6.2494498e+00
   3.3000000e+00   5.9559030e+00
   3.5000000e+00   5.6578711e+00
   3.7000000e+00   5.3649962e+00
   3.9000000e+00   5.0821721e+00
   4.1000000e+00   4.8098714e+00
   4.3000000e+00   4.5476654e+00
   4.5000000e+00   4.2961679e+00
   4.7000000e+00   4.0556767e+00
   4.9000000e+00   3.8299902e+00
   5.1000000e+00   3.6230374e+00
   5.3000000e+00   3.4347982e+00
   5.5000000e+00   3.2652227e+00
   5.7000000e+00   3.1100092e+00
   5.9000000e+00   2.9611574e+00
   6.1000000e+00   2.8091205e+00
   6.3000000e+00   2.6464966e+00
   6.5000000e+00   2.4719556e+00
   6.7000000e+00   2.2888601e+00
   6.9000000e+00   2.1043156e+00
   7.1000000e+00   1.9274931e+00
   7.3000000e+00   1.7685344e+00
   7.5000000e+00   1.6339881e+00
   7.7000000e+00   1.5262752e+00
   7.9000000e+00   1.4533129e+00
   8.1000000e+00   1.4207681e+00
   8.3000000e+00   1.4149432e+00
   8.5000000e+00   1.4116126e+00
   8.7000000e+00   1.3992494e+00
   8.9000000e+00   1.3826693e+00
   9.1000000e+00   1.3720606e+00
   9.3000000e+00   1.3711012e+00
   9.5000000e+00   1.3786225e+00
   9.7000000e+00   1.3928858e+00
   9.9000000e+00   1.4088000e+00
   1.0100000e+01   1.4219002e+00
   1.0300000e+01   1.4275614e+00
   1.0500000e+01   1.4240043e+00
   1.0700000e+01   1.4160222e+00
   1.0900000e+01   1.4098422e+00
   1.1100000e+01   1.4076994e+00
   1.1300000e+01   1.4101241e+00
   1.1500000e+01   1.4174893e+00
   1.1700000e+01   1.4297153e+00
   1.1900000e+01   1.4461885e+00
   1.2100000e+01   1.4645205e+00
   1.2300000e+01   1.4842728e+00
   1.2500000e+01   1.5035400e+00
   1.2700000e+01   1.5192688e+00
   1.2900000e+01   1.5311220e+00
   1.3100000e+01   1.5394869e+00
   1.3300000e+01   1.5452025e+00
   1.3500000e+01   1.5472932e+00
   1.3700000e+01   1.5455413e+00
   1.3900000e+01   1.5402541e+00
   1.4100000e+01   1.5301279e+00
   1.4300000e+01   1.5172692e+00
   1.4500000e+01   1.5041809e+00
   1.4700000e+01   1.4913237e+00
   1.4900000e+01   1.4778752e+00
   1.5100000e+01   1.4604262e+00
   1.5300000e+01   1.4365042e+00
   1.5500000e+01   1.4072122e+00
   1.5700000e+01   1.3757528e+00
   1.5900000e+01   1.3411692e+00
   1.6100000e+01   1.3009462e+00
   1.6300000e+01   1.2563892e+00
   1.6500000e+01   1.2082130e+00
   1.6700000e+01   1.1578760e+00
   1.6900000e+01   1.1095166e+00
   1.7100000e+01   1.0638321e+00
   1.7300000e+01   1.0191492e+00
   1.7500000e+01   9.7667245e-01
   1.7700000e+01   9.3808197e-01
   1.7900000e+01   9.0299124e-01
   1.8100000e+01   8.6982609e-01
   1.8300000e+01   8.3617595e-01
   1.8500000e+01   8.0166635e-01
   1.8700000e+01   7.6703274e-01
   1.8900000e+01   7.3172007e-01
   1.9100000e+01   6.9632197e-01
   1.9300000e+01   6.6246161e-01
   1.9500000e+01   6.2972706e-01
   1.9700000e+01   5.9725077e-01
   1.9900000e+01   5.6477715e-01
   2.0100000e+01   5.3167581e-01
   2.0300000e+01   5.0250125e-01
   2.0500000e+01   4.7860119e-01
   2.0700000e+01   4.5651915e-01
   2.0900000e+01   4.3669875e-01
   2.1100000e+01   4.1953178e-01
   2.1300000e+01   4.0563175e-01
   2.1500000e+01   3.9398114e-01
   2.1700000e+01   3.8113201e-01
   2.1900000e+01   3.6520242e-01
   2.2100000e+01   3.4920353e-01
   2.2300000e+01   3.3595247e-01
   2.2500000e+01   3.2265438e-01
   2.2700000e+01   3.0665309e-01
   2.2900000e+01   2.9035790e-01
   2.3100000e+01   2.7685170e-01
   2.3300000e+01   2.6562136e-01
   2.3500000e+01   2.5883794e-01
   2.3700000e+01   2.5901718e-01
   2.3900000e+01   2.6206734e-01
   2.4100000e+01   2.6408726e-01
   2.4300000e+01   2.6484702e-01
   2.4500000e+01   2.6289252e-01
   2.4700000e+01   2.5725153e-01
   2.4900000e+01   2.4955447e-01
   2.5100000e+01   2.4555573e-01
   2.5300000e+01   2.4704953e-01
   2.5500000e+01   2.5459343e-01
   2.5700000e+01   2.6625732e-01
   2.5900000e+01   2.7549532e-01
   2.6100000e+01   2.8273784e-01
   2.6300000e+01   2.9050310e-01
   2.6500000e+01   3.0106310e-01
   2.6700000e+01   3.1372990e-01
   2.6900000e+01   3.2769196e-01
   2.7100000e+01   3.4386535e-01
   2.7300000e+01   3.6021371e-01
   2.7500000e+01   3.7714961e-01
   2.7700000e+01   3.9218494e-01
   2.7900000e+01   4.0312955e-01
   2.8100000e+01   4.1367397e-01
   2.8300000e+01   4.2581560e-01
   2.8500000e+01   4.3597455e-01
   2.8700000e+01   4.4241678e-01
   2.8900000e+01   4.4702270e-01
   2.9100000e+01   4.5147704e-01
   2.9300000e+01   4.5576922e-01
   2.9500000e+01   4.5752795e-01
   2.9700000e+01   4.5738295e-01
   2.9900000e+01   4.5733259e-01
   3.0100000e+01   4.5741710e-01
   3.0300000e+01   4.5667748e-01
   3.0500000e+01   4.5651726e-01
   3.0700000e+01   4.5700430e-01
   3.0900000e+01   4.5662336e-01
   3.1100000e+01   4.5801518e-01
   3.1300000e+01   4.6246761e-01
   3.1500000e+01   4.6851296e-01
   3.1700000e+01   4.7447138e-01
   3.1900000e+01   4.7950892e-01
   3.2100000e+01   4.8330829e-01
   3.2300000e+01   4.8602222e-01
   3.2500000e+01   4.8806377e-01
   3.2700000e+01   4.8797851e-01
   3.2900000e+01   4.8786666e-01
   3.3100000e+01   4.8656815e-01
   3.3300000e+01   4.8393163e-01
   3.3500000e+01   4.8238752e-01
   3.3700000e+01   4.8137319e-01
   3.3900000e+01   4.7982900e-01
   3.4100000e+01   4.7569598e-01
   3.4300000e+01   4.7175023e-01
   3.4500000e+01   4.6762802e-01
   3.4700000e+01   4.6236966e-01
   3.4900000e+01   4.5816947e-01
   3.5100000e+01   4.5463125e-01
   3.5300000e+01   4.5048530e-01
   3.5500000e+01   4.4733644e-01
   3.5700000e+01   4.4580970e-01
   3.5900000e+01   4.4337009e-01
   3.6100000e+01   4.3965048e-01
   3.6300000e+01   4.3645745e-01
   3.6500000e+01   4.3269044e-01
   3.6700000e+01   4.2647386e-01
   3.6900000e+01   4.2194657e-01
   3.7100000e+01   4.1974540e-01
   3.7300000e+01   4.1642974e-01
   3.7500000e+01   4.1143079e-01
   3.7700000e+01   4.0737919e-01
   3.7900000e+01   4.0337499e-01
   3.8100000e+01   3.9892338e-01
   3.8300000e+01   3.9581953e-01
   3.8500000e+01   3.9296290e-01
   3.8700000e+01   3.9033350e-01
   3.8900000e+01   3.8608956e-01
   3.9100000e+01   3.8120027e-01
   3.9300000e+01   3.7842586e-01
   3.9500000e+01   3.7415732e-01
   3.9700000e+01   3.6944285e-01
   3.9900000e+01   3.6609769e-01
   4.0100000e+01   3.6266137e-01
   4.0300000e+01   3.5980590e-01
   4.0500000e+01   3.5799012e-01
   4.0700000e+01   3.5720915e-01
   4.0900000e+01   3.5598220e-01
   4.1100000e+01   3.5402318e-01
   4.1300000e+01   3.5181921e-01
   4.1500000e+01   3.4946569e-01
   4.1700000e+01   3.4855126e-01
   4.1900000e+01   3.4657063e-01
   4.2100000e+01   3.4388926e-01
   4.2300000e+01   3.4400163e-01
   4.2500000e+01   3.4408132e-01
   4.2700000e+01   3.4389529e-01
   4.2900000e+01   3.4512741e-01
   4.3100000e+01   3.4792109e-01
   4.3300000e+01   3.4935221e-01
   4.3500000e+01   3.4787119e-01
   4.3700000e+01   3.4551520e-01
   4.3900000e+01   3.4472928e-01
   4.4100000e+01   3.4493034e-01
   4.4300000e+01   3.4511841e-01
   4.4500000e+01   3.4514434e-01
   4.4700000e+01   3.4328693e-01
   4.4900000e+01   3.4054060e-01
   4.5100000e+01   3.3801123e-01
   4.5300000e+01   3.3612289e-01
   4.5500000e+01   3.3340732e-01
   4.5700000e+01   3.2951862e-01
   4.5900000e+01   3.2656830e-01
   4.6100000e+01   3.2536487e-01
   4.6300000e+01   3.2500190e-01
   4.6500000e+01   3.2285070e-01
   4.6700000e+01   3.1542801e-01
   4.6900000e+01   3.0413430e-01
